0	-0.50497535803690	0.50497535803690	0.00000000000000	-0.63322208777042	0.35732270848748	0.00000000000000	-0.49527239812895	0.49527239812895	0.13932238783556	
1	-0.63322208777042	0.35732270848748	0.00000000000000	-0.62515857642641	0.34407393871159	0.14194081556872	-0.49527239812895	0.49527239812895	0.13932238783556	
2	-0.63322208777042	0.35732270848748	0.00000000000000	-0.73713444778595	0.19593834763976	0.00000000000000	-0.62515857642641	0.34407393871159	0.14194081556872	
3	-0.62515857642641	0.34407393871159	0.14194081556872	-0.46653639771286	0.46653639771286	0.27329069443950	-0.49527239812895	0.49527239812895	0.13932238783556	
4	-0.73713444778595	0.19593834763976	0.00000000000000	-0.73569571999155	0.16348363638319	0.14914633665791	-0.62515857642641	0.34407393871159	0.14194081556872	
5	-0.73569571999155	0.16348363638319	0.14914633665791	-0.59726652447717	0.30191283189757	0.28895300179317	-0.62515857642641	0.34407393871159	0.14194081556872	
6	-0.73569571999155	0.16348363638319	0.14914633665791	-0.70098578788470	0.12363551869507	0.29154765889673	-0.59726652447717	0.30191283189757	0.28895300179317	
7	-0.59726652447717	0.30191283189757	0.28895300179317	-0.46653639771286	0.46653639771286	0.27329069443950	-0.62515857642641	0.34407393871159	0.14194081556872	
8	-0.73713444778595	0.19593834763976	0.00000000000000	-0.81271914436284	0.02702418597573	0.00000000000000	-0.73569571999155	0.16348363638319	0.14914633665791	
9	-0.81271914436284	0.02702418597573	0.00000000000000	-0.80650979893068	-0.00998678199704	0.15091617335506	-0.73569571999155	0.16348363638319	0.14914633665791	
10	-0.81271914436284	0.02702418597573	0.00000000000000	-0.85707150000000	-0.14292850000000	0.00000000000000	-0.80650979893068	-0.00998678199704	0.15091617335506	
11	-0.80650979893068	-0.00998678199704	0.15091617335506	-0.70098578788470	0.12363551869507	0.29154765889673	-0.73569571999155	0.16348363638319	0.14914633665791	
12	-0.70098578788470	0.12363551869507	0.29154765889673	-0.54769075382816	0.24883226310548	0.41231065328989	-0.59726652447717	0.30191283189757	0.28895300179317	
13	-0.54769075382816	0.24883226310548	0.41231065328989	-0.41987166516928	0.41987166516928	0.39675659291932	-0.59726652447717	0.30191283189757	0.28895300179317	
14	-0.54769075382816	0.24883226310548	0.41231065328989	-0.35707150000000	0.35707150000000	0.50497535803690	-0.41987166516928	0.41987166516928	0.39675659291932	
15	-0.41987166516928	0.41987166516928	0.39675659291932	-0.46653639771286	0.46653639771286	0.27329069443950	-0.59726652447717	0.30191283189757	0.28895300179317	
16	-0.85707150000000	-0.14292850000000	0.00000000000000	-0.84922519472194	-0.26612987692847	0.15091617335506	-0.80650979893068	-0.00998678199704	0.15091617335506	
17	-0.84922519472194	-0.26612987692847	0.15091617335506	-0.77525034109284	-0.12928369264045	0.30451159836069	-0.80650979893068	-0.00998678199704	0.15091617335506	
18	-0.84922519472194	-0.26612987692847	0.15091617335506	-0.78350559583457	-0.37119494254468	0.29154765889673	-0.77525034109284	-0.12928369264045	0.30451159836069	
19	-0.77525034109284	-0.12928369264045	0.30451159836069	-0.70098578788470	0.12363551869507	0.29154765889673	-0.80650979893068	-0.00998678199704	0.15091617335506	
20	-0.78350559583457	-0.37119494254468	0.29154765889673	-0.66758923301744	-0.23694480071585	0.45676739754103	-0.77525034109284	-0.12928369264045	0.30451159836069	
21	-0.66758923301744	-0.23694480071585	0.45676739754103	-0.62449466880396	0.02147197964843	0.45676739754103	-0.77525034109284	-0.12928369264045	0.30451159836069	
22	-0.66758923301744	-0.23694480071585	0.45676739754103	-0.49483046123976	-0.08251980794987	0.58309531779347	-0.62449466880396	0.02147197964843	0.45676739754103	
23	-0.62449466880396	0.02147197964843	0.45676739754103	-0.70098578788470	0.12363551869507	0.29154765889673	-0.77525034109284	-0.12928369264045	0.30451159836069	
24	-0.78350559583457	-0.37119494254468	0.29154765889673	-0.66439138539529	-0.45096368625512	0.41231065328989	-0.66758923301744	-0.23694480071585	0.45676739754103	
25	-0.66439138539529	-0.45096368625512	0.41231065328989	-0.51496214003395	-0.30153444089378	0.56322682664494	-0.66758923301744	-0.23694480071585	0.45676739754103	
26	-0.66439138539529	-0.45096368625512	0.41231065328989	-0.50000000000000	-0.50000000000000	0.50497535803690	-0.51496214003395	-0.30153444089378	0.56322682664494	
27	-0.51496214003395	-0.30153444089378	0.56322682664494	-0.49483046123976	-0.08251980794987	0.58309531779347	-0.66758923301744	-0.23694480071585	0.45676739754103	
28	-0.49483046123976	-0.08251980794987	0.58309531779347	-0.44097690425808	0.14211841353539	0.56322682664494	-0.62449466880396	0.02147197964843	0.45676739754103	
29	-0.44097690425808	0.14211841353539	0.56322682664494	-0.54769075382816	0.24883226310548	0.41231065328989	-0.62449466880396	0.02147197964843	0.45676739754103	
30	-0.44097690425808	0.14211841353539	0.56322682664494	-0.35707150000000	0.35707150000000	0.50497535803690	-0.54769075382816	0.24883226310548	0.41231065328989	
31	-0.54769075382816	0.24883226310548	0.41231065328989	-0.70098578788470	0.12363551869507	0.29154765889673	-0.62449466880396	0.02147197964843	0.45676739754103	
32	-0.85707150000000	-0.14292850000000	0.00000000000000	-0.86848707854340	-0.30738852387596	0.00000000000000	-0.84922519472194	-0.26612987692847	0.15091617335506	
33	-0.86848707854340	-0.30738852387596	0.00000000000000	-0.83387196083097	-0.42523070680665	0.14914633665791	-0.84922519472194	-0.26612987692847	0.15091617335506	
34	-0.86848707854340	-0.30738852387596	0.00000000000000	-0.84652718571154	-0.46003577916484	0.00000000000000	-0.83387196083097	-0.42523070680665	0.14914633665791	
35	-0.83387196083097	-0.42523070680665	0.14914633665791	-0.78350559583457	-0.37119494254468	0.29154765889673	-0.84922519472194	-0.26612987692847	0.15091617335506	
36	-0.84652718571154	-0.46003577916484	0.00000000000000	-0.77896565776163	-0.57823103133006	0.14194081556872	-0.83387196083097	-0.42523070680665	0.14914633665791	
37	-0.77896565776163	-0.57823103133006	0.14194081556872	-0.73501371985875	-0.52408894777887	0.28895300179317	-0.83387196083097	-0.42523070680665	0.14914633665791	
38	-0.77896565776163	-0.57823103133006	0.14194081556872	-0.65328148243819	-0.65328148243819	0.27329069443950	-0.73501371985875	-0.52408894777887	0.28895300179317	
39	-0.73501371985875	-0.52408894777887	0.28895300179317	-0.78350559583457	-0.37119494254468	0.29154765889673	-0.83387196083097	-0.42523070680665	0.14914633665791	
40	-0.84652718571154	-0.46003577916484	0.00000000000000	-0.79203572787070	-0.59500411745144	0.00000000000000	-0.77896565776163	-0.57823103133006	0.14194081556872	
41	-0.79203572787070	-0.59500411745144	0.00000000000000	-0.69351992266107	-0.69351992266107	0.13932238783556	-0.77896565776163	-0.57823103133006	0.14194081556872	
42	-0.79203572787070	-0.59500411745144	0.00000000000000	-0.70710678118655	-0.70710678118655	0.00000000000000	-0.69351992266107	-0.69351992266107	0.13932238783556	
43	-0.69351992266107	-0.69351992266107	0.13932238783556	-0.65328148243819	-0.65328148243819	0.27329069443950	-0.77896565776163	-0.57823103133006	0.14194081556872	
44	-0.65328148243819	-0.65328148243819	0.27329069443950	-0.58793780120968	-0.58793780120968	0.39675659291932	-0.73501371985875	-0.52408894777887	0.28895300179317	
45	-0.58793780120968	-0.58793780120968	0.39675659291932	-0.66439138539529	-0.45096368625512	0.41231065328989	-0.73501371985875	-0.52408894777887	0.28895300179317	
46	-0.58793780120968	-0.58793780120968	0.39675659291932	-0.50000000000000	-0.50000000000000	0.50497535803690	-0.66439138539529	-0.45096368625512	0.41231065328989	
47	-0.66439138539529	-0.45096368625512	0.41231065328989	-0.78350559583457	-0.37119494254468	0.29154765889673	-0.73501371985875	-0.52408894777887	0.28895300179317	
48	-0.50000000000000	-0.50000000000000	0.50497535803690	-0.39284747919355	-0.39284747919355	0.59378820333858	-0.51496214003395	-0.30153444089378	0.56322682664494	
49	-0.39284747919355	-0.39284747919355	0.59378820333858	-0.39156842784412	-0.18064365576424	0.63581582039553	-0.51496214003395	-0.30153444089378	0.56322682664494	
50	-0.39284747919355	-0.39284747919355	0.59378820333858	-0.27059805007310	-0.27059805007310	0.65978210098621	-0.39156842784412	-0.18064365576424	0.63581582039553	
51	-0.39156842784412	-0.18064365576424	0.63581582039553	-0.49483046123976	-0.08251980794987	0.58309531779347	-0.51496214003395	-0.30153444089378	0.56322682664494	
52	-0.27059805007310	-0.27059805007310	0.65978210098621	-0.24090963207320	-0.04017500564162	0.68535088400058	-0.39156842784412	-0.18064365576424	0.63581582039553	
53	-0.24090963207320	-0.04017500564162	0.68535088400058	-0.35199747330196	0.05664378072236	0.63581582039553	-0.39156842784412	-0.18064365576424	0.63581582039553	
54	-0.24090963207320	-0.04017500564162	0.68535088400058	-0.19324570327335	0.19324570327335	0.65978210098621	-0.35199747330196	0.05664378072236	0.63581582039553	
55	-0.35199747330196	0.05664378072236	0.63581582039553	-0.49483046123976	-0.08251980794987	0.58309531779347	-0.39156842784412	-0.18064365576424	0.63581582039553	
56	-0.27059805007310	-0.27059805007310	0.65978210098621	-0.13794968964147	-0.13794968964147	0.70042094250300	-0.24090963207320	-0.04017500564162	0.68535088400058	
57	-0.13794968964147	-0.13794968964147	0.70042094250300	-0.09851580520963	0.09851580520963	0.70042094250300	-0.24090963207320	-0.04017500564162	0.68535088400058	
58	-0.13794968964147	-0.13794968964147	0.70042094250300	-0.00000000000000	0.00000000000000	0.71414300000000	-0.09851580520963	0.09851580520963	0.70042094250300	
59	-0.09851580520963	0.09851580520963	0.70042094250300	-0.19324570327335	0.19324570327335	0.65978210098621	-0.24090963207320	-0.04017500564162	0.68535088400058	
60	-0.19324570327335	0.19324570327335	0.65978210098621	-0.28054927733372	0.28054927733372	0.59378820333858	-0.35199747330196	0.05664378072236	0.63581582039553	
61	-0.28054927733372	0.28054927733372	0.59378820333858	-0.44097690425808	0.14211841353539	0.56322682664494	-0.35199747330196	0.05664378072236	0.63581582039553	
62	-0.28054927733372	0.28054927733372	0.59378820333858	-0.35707150000000	0.35707150000000	0.50497535803690	-0.44097690425808	0.14211841353539	0.56322682664494	
63	-0.44097690425808	0.14211841353539	0.56322682664494	-0.49483046123976	-0.08251980794987	0.58309531779347	-0.35199747330196	0.05664378072236	0.63581582039553	
64	-0.70710678118655	-0.70710678118655	0.00000000000000	-0.59500411745144	-0.79203572787070	0.00000000000000	-0.69351992266107	-0.69351992266107	0.13932238783556	
65	-0.59500411745144	-0.79203572787070	0.00000000000000	-0.57823103133006	-0.77896565776163	0.14194081556872	-0.69351992266107	-0.69351992266107	0.13932238783556	
66	-0.59500411745144	-0.79203572787070	0.00000000000000	-0.46003577916484	-0.84652718571154	0.00000000000000	-0.57823103133006	-0.77896565776163	0.14194081556872	
67	-0.57823103133006	-0.77896565776163	0.14194081556872	-0.65328148243819	-0.65328148243819	0.27329069443950	-0.69351992266107	-0.69351992266107	0.13932238783556	
68	-0.46003577916484	-0.84652718571154	0.00000000000000	-0.42523070680665	-0.83387196083097	0.14914633665791	-0.57823103133006	-0.77896565776163	0.14194081556872	
69	-0.42523070680665	-0.83387196083097	0.14914633665791	-0.52408894777887	-0.73501371985875	0.28895300179317	-0.57823103133006	-0.77896565776163	0.14194081556872	
70	-0.42523070680665	-0.83387196083097	0.14914633665791	-0.37119494254468	-0.78350559583457	0.29154765889673	-0.52408894777887	-0.73501371985875	0.28895300179317	
71	-0.52408894777887	-0.73501371985875	0.28895300179317	-0.65328148243819	-0.65328148243819	0.27329069443950	-0.57823103133006	-0.77896565776163	0.14194081556872	
72	-0.46003577916484	-0.84652718571154	0.00000000000000	-0.30738852387596	-0.86848707854340	0.00000000000000	-0.42523070680665	-0.83387196083097	0.14914633665791	
73	-0.30738852387596	-0.86848707854340	0.00000000000000	-0.26612987692847	-0.84922519472194	0.15091617335506	-0.42523070680665	-0.83387196083097	0.14914633665791	
74	-0.30738852387596	-0.86848707854340	0.00000000000000	-0.14292850000000	-0.85707150000000	0.00000000000000	-0.26612987692847	-0.84922519472194	0.15091617335506	
75	-0.26612987692847	-0.84922519472194	0.15091617335506	-0.37119494254468	-0.78350559583457	0.29154765889673	-0.42523070680665	-0.83387196083097	0.14914633665791	
76	-0.37119494254468	-0.78350559583457	0.29154765889673	-0.45096368625512	-0.66439138539529	0.41231065328989	-0.52408894777887	-0.73501371985875	0.28895300179317	
77	-0.45096368625512	-0.66439138539529	0.41231065328989	-0.58793780120968	-0.58793780120968	0.39675659291932	-0.52408894777887	-0.73501371985875	0.28895300179317	
78	-0.45096368625512	-0.66439138539529	0.41231065328989	-0.50000000000000	-0.50000000000000	0.50497535803690	-0.58793780120968	-0.58793780120968	0.39675659291932	
79	-0.58793780120968	-0.58793780120968	0.39675659291932	-0.65328148243819	-0.65328148243819	0.27329069443950	-0.52408894777887	-0.73501371985875	0.28895300179317	
80	-0.14292850000000	-0.85707150000000	0.00000000000000	-0.00998678199704	-0.80650979893068	0.15091617335506	-0.26612987692847	-0.84922519472194	0.15091617335506	
81	-0.00998678199704	-0.80650979893068	0.15091617335506	-0.12928369264045	-0.77525034109284	0.30451159836069	-0.26612987692847	-0.84922519472194	0.15091617335506	
82	-0.00998678199704	-0.80650979893068	0.15091617335506	0.12363551869507	-0.70098578788470	0.29154765889673	-0.12928369264045	-0.77525034109284	0.30451159836069	
83	-0.12928369264045	-0.77525034109284	0.30451159836069	-0.37119494254468	-0.78350559583457	0.29154765889673	-0.26612987692847	-0.84922519472194	0.15091617335506	
84	0.12363551869507	-0.70098578788470	0.29154765889673	0.02147197964843	-0.62449466880396	0.45676739754103	-0.12928369264045	-0.77525034109284	0.30451159836069	
85	0.02147197964843	-0.62449466880396	0.45676739754103	-0.23694480071585	-0.66758923301744	0.45676739754103	-0.12928369264045	-0.77525034109284	0.30451159836069	
86	0.02147197964843	-0.62449466880396	0.45676739754103	-0.08251980794987	-0.49483046123976	0.58309531779347	-0.23694480071585	-0.66758923301744	0.45676739754103	
87	-0.23694480071585	-0.66758923301744	0.45676739754103	-0.37119494254468	-0.78350559583457	0.29154765889673	-0.12928369264045	-0.77525034109284	0.30451159836069	
88	0.12363551869507	-0.70098578788470	0.29154765889673	0.24883226310548	-0.54769075382816	0.41231065328989	0.02147197964843	-0.62449466880396	0.45676739754103	
89	0.24883226310548	-0.54769075382816	0.41231065328989	0.14211841353539	-0.44097690425808	0.56322682664494	0.02147197964843	-0.62449466880396	0.45676739754103	
90	0.24883226310548	-0.54769075382816	0.41231065328989	0.35707150000000	-0.35707150000000	0.50497535803690	0.14211841353539	-0.44097690425808	0.56322682664494	
91	0.14211841353539	-0.44097690425808	0.56322682664494	-0.08251980794987	-0.49483046123976	0.58309531779347	0.02147197964843	-0.62449466880396	0.45676739754103	
92	-0.08251980794987	-0.49483046123976	0.58309531779347	-0.30153444089378	-0.51496214003395	0.56322682664494	-0.23694480071585	-0.66758923301744	0.45676739754103	
93	-0.30153444089378	-0.51496214003395	0.56322682664494	-0.45096368625512	-0.66439138539529	0.41231065328989	-0.23694480071585	-0.66758923301744	0.45676739754103	
94	-0.30153444089378	-0.51496214003395	0.56322682664494	-0.50000000000000	-0.50000000000000	0.50497535803690	-0.45096368625512	-0.66439138539529	0.41231065328989	
95	-0.45096368625512	-0.66439138539529	0.41231065328989	-0.37119494254468	-0.78350559583457	0.29154765889673	-0.23694480071585	-0.66758923301744	0.45676739754103	
96	-0.14292850000000	-0.85707150000000	0.00000000000000	0.02702418597573	-0.81271914436284	0.00000000000000	-0.00998678199704	-0.80650979893068	0.15091617335506	
97	0.02702418597573	-0.81271914436284	0.00000000000000	0.16348363638319	-0.73569571999155	0.14914633665791	-0.00998678199704	-0.80650979893068	0.15091617335506	
98	0.02702418597573	-0.81271914436284	0.00000000000000	0.19593834763976	-0.73713444778595	0.00000000000000	0.16348363638319	-0.73569571999155	0.14914633665791	
99	0.16348363638319	-0.73569571999155	0.14914633665791	0.12363551869507	-0.70098578788470	0.29154765889673	-0.00998678199704	-0.80650979893068	0.15091617335506	
100	0.19593834763976	-0.73713444778595	0.00000000000000	0.34407393871159	-0.62515857642642	0.14194081556872	0.16348363638319	-0.73569571999155	0.14914633665791	
101	0.34407393871159	-0.62515857642642	0.14194081556872	0.30191283189757	-0.59726652447717	0.28895300179317	0.16348363638319	-0.73569571999155	0.14914633665791	
102	0.34407393871159	-0.62515857642642	0.14194081556872	0.46653639771285	-0.46653639771286	0.27329069443950	0.30191283189757	-0.59726652447717	0.28895300179317	
103	0.30191283189757	-0.59726652447717	0.28895300179317	0.12363551869507	-0.70098578788470	0.29154765889673	0.16348363638319	-0.73569571999155	0.14914633665791	
104	0.19593834763976	-0.73713444778595	0.00000000000000	0.35732270848748	-0.63322208777042	0.00000000000000	0.34407393871159	-0.62515857642642	0.14194081556872	
105	0.35732270848748	-0.63322208777042	0.00000000000000	0.49527239812895	-0.49527239812895	0.13932238783556	0.34407393871159	-0.62515857642642	0.14194081556872	
106	0.35732270848748	-0.63322208777042	0.00000000000000	0.50497535803690	-0.50497535803690	0.00000000000000	0.49527239812895	-0.49527239812895	0.13932238783556	
107	0.49527239812895	-0.49527239812895	0.13932238783556	0.46653639771285	-0.46653639771286	0.27329069443950	0.34407393871159	-0.62515857642642	0.14194081556872	
108	0.46653639771285	-0.46653639771286	0.27329069443950	0.41987166516928	-0.41987166516928	0.39675659291932	0.30191283189757	-0.59726652447717	0.28895300179317	
109	0.41987166516928	-0.41987166516928	0.39675659291932	0.24883226310548	-0.54769075382816	0.41231065328989	0.30191283189757	-0.59726652447717	0.28895300179317	
110	0.41987166516928	-0.41987166516928	0.39675659291932	0.35707150000000	-0.35707150000000	0.50497535803690	0.24883226310548	-0.54769075382816	0.41231065328989	
111	0.24883226310548	-0.54769075382816	0.41231065328989	0.12363551869507	-0.70098578788470	0.29154765889673	0.30191283189757	-0.59726652447717	0.28895300179317	
112	0.35707150000000	-0.35707150000000	0.50497535803690	0.28054927733372	-0.28054927733372	0.59378820333858	0.14211841353539	-0.44097690425808	0.56322682664494	
113	0.28054927733372	-0.28054927733372	0.59378820333858	0.05664378072236	-0.35199747330196	0.63581582039553	0.14211841353539	-0.44097690425808	0.56322682664494	
114	0.28054927733372	-0.28054927733372	0.59378820333858	0.19324570327335	-0.19324570327335	0.65978210098621	0.05664378072236	-0.35199747330196	0.63581582039553	
115	0.05664378072236	-0.35199747330196	0.63581582039553	-0.08251980794987	-0.49483046123976	0.58309531779347	0.14211841353539	-0.44097690425808	0.56322682664494	
116	0.19324570327335	-0.19324570327335	0.65978210098621	-0.04017500564162	-0.24090963207320	0.68535088400058	0.05664378072236	-0.35199747330196	0.63581582039553	
117	-0.04017500564162	-0.24090963207320	0.68535088400058	-0.18064365576424	-0.39156842784412	0.63581582039553	0.05664378072236	-0.35199747330196	0.63581582039553	
118	-0.04017500564162	-0.24090963207320	0.68535088400058	-0.27059805007310	-0.27059805007310	0.65978210098621	-0.18064365576424	-0.39156842784412	0.63581582039553	
119	-0.18064365576424	-0.39156842784412	0.63581582039553	-0.08251980794987	-0.49483046123976	0.58309531779347	0.05664378072236	-0.35199747330196	0.63581582039553	
120	0.19324570327335	-0.19324570327335	0.65978210098621	0.09851580520963	-0.09851580520963	0.70042094250300	-0.04017500564162	-0.24090963207320	0.68535088400058	
121	0.09851580520963	-0.09851580520963	0.70042094250300	-0.13794968964147	-0.13794968964147	0.70042094250300	-0.04017500564162	-0.24090963207320	0.68535088400058	
122	0.09851580520963	-0.09851580520963	0.70042094250300	-0.00000000000000	0.00000000000000	0.71414300000000	-0.13794968964147	-0.13794968964147	0.70042094250300	
123	-0.13794968964147	-0.13794968964147	0.70042094250300	-0.27059805007310	-0.27059805007310	0.65978210098621	-0.04017500564162	-0.24090963207320	0.68535088400058	
124	-0.27059805007310	-0.27059805007310	0.65978210098621	-0.39284747919355	-0.39284747919355	0.59378820333858	-0.18064365576424	-0.39156842784412	0.63581582039553	
125	-0.39284747919355	-0.39284747919355	0.59378820333858	-0.30153444089378	-0.51496214003395	0.56322682664494	-0.18064365576424	-0.39156842784412	0.63581582039553	
126	-0.39284747919355	-0.39284747919355	0.59378820333858	-0.50000000000000	-0.50000000000000	0.50497535803690	-0.30153444089378	-0.51496214003395	0.56322682664494	
127	-0.30153444089378	-0.51496214003395	0.56322682664494	-0.08251980794987	-0.49483046123976	0.58309531779347	-0.18064365576424	-0.39156842784412	0.63581582039553	
128	0.50497535803690	-0.50497535803690	0.00000000000000	0.63322208777042	-0.35732270848748	0.00000000000000	0.49527239812895	-0.49527239812895	0.13932238783556	
129	0.63322208777042	-0.35732270848748	0.00000000000000	0.62515857642642	-0.34407393871159	0.14194081556872	0.49527239812895	-0.49527239812895	0.13932238783556	
130	0.63322208777042	-0.35732270848748	0.00000000000000	0.73713444778595	-0.19593834763976	0.00000000000000	0.62515857642642	-0.34407393871159	0.14194081556872	
131	0.62515857642642	-0.34407393871159	0.14194081556872	0.46653639771285	-0.46653639771286	0.27329069443950	0.49527239812895	-0.49527239812895	0.13932238783556	
132	0.73713444778595	-0.19593834763976	0.00000000000000	0.73569571999155	-0.16348363638319	0.14914633665791	0.62515857642642	-0.34407393871159	0.14194081556872	
133	0.73569571999155	-0.16348363638319	0.14914633665791	0.59726652447717	-0.30191283189757	0.28895300179317	0.62515857642642	-0.34407393871159	0.14194081556872	
134	0.73569571999155	-0.16348363638319	0.14914633665791	0.70098578788470	-0.12363551869507	0.29154765889673	0.59726652447717	-0.30191283189757	0.28895300179317	
135	0.59726652447717	-0.30191283189757	0.28895300179317	0.46653639771285	-0.46653639771286	0.27329069443950	0.62515857642642	-0.34407393871159	0.14194081556872	
136	0.73713444778595	-0.19593834763976	0.00000000000000	0.81271914436284	-0.02702418597573	0.00000000000000	0.73569571999155	-0.16348363638319	0.14914633665791	
137	0.81271914436284	-0.02702418597573	0.00000000000000	0.80650979893068	0.00998678199704	0.15091617335506	0.73569571999155	-0.16348363638319	0.14914633665791	
138	0.81271914436284	-0.02702418597573	0.00000000000000	0.85707150000000	0.14292850000000	0.00000000000000	0.80650979893068	0.00998678199704	0.15091617335506	
139	0.80650979893068	0.00998678199704	0.15091617335506	0.70098578788470	-0.12363551869507	0.29154765889673	0.73569571999155	-0.16348363638319	0.14914633665791	
140	0.70098578788470	-0.12363551869507	0.29154765889673	0.54769075382816	-0.24883226310548	0.41231065328989	0.59726652447717	-0.30191283189757	0.28895300179317	
141	0.54769075382816	-0.24883226310548	0.41231065328989	0.41987166516928	-0.41987166516928	0.39675659291932	0.59726652447717	-0.30191283189757	0.28895300179317	
142	0.54769075382816	-0.24883226310548	0.41231065328989	0.35707150000000	-0.35707150000000	0.50497535803690	0.41987166516928	-0.41987166516928	0.39675659291932	
143	0.41987166516928	-0.41987166516928	0.39675659291932	0.46653639771285	-0.46653639771286	0.27329069443950	0.59726652447717	-0.30191283189757	0.28895300179317	
144	0.85707150000000	0.14292850000000	0.00000000000000	0.84922519472194	0.26612987692847	0.15091617335506	0.80650979893068	0.00998678199704	0.15091617335506	
145	0.84922519472194	0.26612987692847	0.15091617335506	0.77525034109284	0.12928369264045	0.30451159836069	0.80650979893068	0.00998678199704	0.15091617335506	
146	0.84922519472194	0.26612987692847	0.15091617335506	0.78350559583457	0.37119494254468	0.29154765889673	0.77525034109284	0.12928369264045	0.30451159836069	
147	0.77525034109284	0.12928369264045	0.30451159836069	0.70098578788470	-0.12363551869507	0.29154765889673	0.80650979893068	0.00998678199704	0.15091617335506	
148	0.78350559583457	0.37119494254468	0.29154765889673	0.66758923301744	0.23694480071585	0.45676739754103	0.77525034109284	0.12928369264045	0.30451159836069	
149	0.66758923301744	0.23694480071585	0.45676739754103	0.62449466880396	-0.02147197964843	0.45676739754103	0.77525034109284	0.12928369264045	0.30451159836069	
150	0.66758923301744	0.23694480071585	0.45676739754103	0.49483046123976	0.08251980794987	0.58309531779347	0.62449466880396	-0.02147197964843	0.45676739754103	
151	0.62449466880396	-0.02147197964843	0.45676739754103	0.70098578788470	-0.12363551869507	0.29154765889673	0.77525034109284	0.12928369264045	0.30451159836069	
152	0.78350559583457	0.37119494254468	0.29154765889673	0.66439138539529	0.45096368625512	0.41231065328989	0.66758923301744	0.23694480071585	0.45676739754103	
153	0.66439138539529	0.45096368625512	0.41231065328989	0.51496214003395	0.30153444089378	0.56322682664494	0.66758923301744	0.23694480071585	0.45676739754103	
154	0.66439138539529	0.45096368625512	0.41231065328989	0.50000000000000	0.50000000000000	0.50497535803690	0.51496214003395	0.30153444089378	0.56322682664494	
155	0.51496214003395	0.30153444089378	0.56322682664494	0.49483046123976	0.08251980794987	0.58309531779347	0.66758923301744	0.23694480071585	0.45676739754103	
156	0.49483046123976	0.08251980794987	0.58309531779347	0.44097690425808	-0.14211841353539	0.56322682664494	0.62449466880396	-0.02147197964843	0.45676739754103	
157	0.44097690425808	-0.14211841353539	0.56322682664494	0.54769075382816	-0.24883226310548	0.41231065328989	0.62449466880396	-0.02147197964843	0.45676739754103	
158	0.44097690425808	-0.14211841353539	0.56322682664494	0.35707150000000	-0.35707150000000	0.50497535803690	0.54769075382816	-0.24883226310548	0.41231065328989	
159	0.54769075382816	-0.24883226310548	0.41231065328989	0.70098578788470	-0.12363551869507	0.29154765889673	0.62449466880396	-0.02147197964843	0.45676739754103	
160	0.85707150000000	0.14292850000000	0.00000000000000	0.86848707854340	0.30738852387596	0.00000000000000	0.84922519472194	0.26612987692847	0.15091617335506	
161	0.86848707854340	0.30738852387596	0.00000000000000	0.83387196083097	0.42523070680665	0.14914633665791	0.84922519472194	0.26612987692847	0.15091617335506	
162	0.86848707854340	0.30738852387596	0.00000000000000	0.84652718571154	0.46003577916484	0.00000000000000	0.83387196083097	0.42523070680665	0.14914633665791	
163	0.83387196083097	0.42523070680665	0.14914633665791	0.78350559583457	0.37119494254468	0.29154765889673	0.84922519472194	0.26612987692847	0.15091617335506	
164	0.84652718571154	0.46003577916484	0.00000000000000	0.77896565776163	0.57823103133006	0.14194081556872	0.83387196083097	0.42523070680665	0.14914633665791	
165	0.77896565776163	0.57823103133006	0.14194081556872	0.73501371985875	0.52408894777887	0.28895300179317	0.83387196083097	0.42523070680665	0.14914633665791	
166	0.77896565776163	0.57823103133006	0.14194081556872	0.65328148243819	0.65328148243819	0.27329069443950	0.73501371985875	0.52408894777887	0.28895300179317	
167	0.73501371985875	0.52408894777887	0.28895300179317	0.78350559583457	0.37119494254468	0.29154765889673	0.83387196083097	0.42523070680665	0.14914633665791	
168	0.84652718571154	0.46003577916484	0.00000000000000	0.79203572787070	0.59500411745144	0.00000000000000	0.77896565776163	0.57823103133006	0.14194081556872	
169	0.79203572787070	0.59500411745144	0.00000000000000	0.69351992266107	0.69351992266107	0.13932238783556	0.77896565776163	0.57823103133006	0.14194081556872	
170	0.79203572787070	0.59500411745144	0.00000000000000	0.70710678118655	0.70710678118655	0.00000000000000	0.69351992266107	0.69351992266107	0.13932238783556	
171	0.69351992266107	0.69351992266107	0.13932238783556	0.65328148243819	0.65328148243819	0.27329069443950	0.77896565776163	0.57823103133006	0.14194081556872	
172	0.65328148243819	0.65328148243819	0.27329069443950	0.58793780120968	0.58793780120968	0.39675659291932	0.73501371985875	0.52408894777887	0.28895300179317	
173	0.58793780120968	0.58793780120968	0.39675659291932	0.66439138539529	0.45096368625512	0.41231065328989	0.73501371985875	0.52408894777887	0.28895300179317	
174	0.58793780120968	0.58793780120968	0.39675659291932	0.50000000000000	0.50000000000000	0.50497535803690	0.66439138539529	0.45096368625512	0.41231065328989	
175	0.66439138539529	0.45096368625512	0.41231065328989	0.78350559583457	0.37119494254468	0.29154765889673	0.73501371985875	0.52408894777887	0.28895300179317	
176	0.50000000000000	0.50000000000000	0.50497535803690	0.39284747919355	0.39284747919355	0.59378820333858	0.51496214003395	0.30153444089378	0.56322682664494	
177	0.39284747919355	0.39284747919355	0.59378820333858	0.39156842784412	0.18064365576424	0.63581582039553	0.51496214003395	0.30153444089378	0.56322682664494	
178	0.39284747919355	0.39284747919355	0.59378820333858	0.27059805007310	0.27059805007310	0.65978210098621	0.39156842784412	0.18064365576424	0.63581582039553	
179	0.39156842784412	0.18064365576424	0.63581582039553	0.49483046123976	0.08251980794987	0.58309531779347	0.51496214003395	0.30153444089378	0.56322682664494	
180	0.27059805007310	0.27059805007310	0.65978210098621	0.24090963207320	0.04017500564162	0.68535088400058	0.39156842784412	0.18064365576424	0.63581582039553	
181	0.24090963207320	0.04017500564162	0.68535088400058	0.35199747330196	-0.05664378072236	0.63581582039553	0.39156842784412	0.18064365576424	0.63581582039553	
182	0.24090963207320	0.04017500564162	0.68535088400058	0.19324570327335	-0.19324570327335	0.65978210098621	0.35199747330196	-0.05664378072236	0.63581582039553	
183	0.35199747330196	-0.05664378072236	0.63581582039553	0.49483046123976	0.08251980794987	0.58309531779347	0.39156842784412	0.18064365576424	0.63581582039553	
184	0.27059805007310	0.27059805007310	0.65978210098621	0.13794968964147	0.13794968964147	0.70042094250300	0.24090963207320	0.04017500564162	0.68535088400058	
185	0.13794968964147	0.13794968964147	0.70042094250300	0.09851580520963	-0.09851580520963	0.70042094250300	0.24090963207320	0.04017500564162	0.68535088400058	
186	0.13794968964147	0.13794968964147	0.70042094250300	-0.00000000000000	0.00000000000000	0.71414300000000	0.09851580520963	-0.09851580520963	0.70042094250300	
187	0.09851580520963	-0.09851580520963	0.70042094250300	0.19324570327335	-0.19324570327335	0.65978210098621	0.24090963207320	0.04017500564162	0.68535088400058	
188	0.19324570327335	-0.19324570327335	0.65978210098621	0.28054927733372	-0.28054927733372	0.59378820333858	0.35199747330196	-0.05664378072236	0.63581582039553	
189	0.28054927733372	-0.28054927733372	0.59378820333858	0.44097690425808	-0.14211841353539	0.56322682664494	0.35199747330196	-0.05664378072236	0.63581582039553	
190	0.28054927733372	-0.28054927733372	0.59378820333858	0.35707150000000	-0.35707150000000	0.50497535803690	0.44097690425808	-0.14211841353539	0.56322682664494	
191	0.44097690425808	-0.14211841353539	0.56322682664494	0.49483046123976	0.08251980794987	0.58309531779347	0.35199747330196	-0.05664378072236	0.63581582039553	
192	0.70710678118655	0.70710678118655	0.00000000000000	0.59500411745144	0.79203572787070	0.00000000000000	0.69351992266107	0.69351992266107	0.13932238783556	
193	0.59500411745144	0.79203572787070	0.00000000000000	0.57823103133006	0.77896565776163	0.14194081556872	0.69351992266107	0.69351992266107	0.13932238783556	
194	0.59500411745144	0.79203572787070	0.00000000000000	0.46003577916484	0.84652718571154	0.00000000000000	0.57823103133006	0.77896565776163	0.14194081556872	
195	0.57823103133006	0.77896565776163	0.14194081556872	0.65328148243819	0.65328148243819	0.27329069443950	0.69351992266107	0.69351992266107	0.13932238783556	
196	0.46003577916484	0.84652718571154	0.00000000000000	0.42523070680665	0.83387196083097	0.14914633665791	0.57823103133006	0.77896565776163	0.14194081556872	
197	0.42523070680665	0.83387196083097	0.14914633665791	0.52408894777887	0.73501371985875	0.28895300179317	0.57823103133006	0.77896565776163	0.14194081556872	
198	0.42523070680665	0.83387196083097	0.14914633665791	0.37119494254468	0.78350559583457	0.29154765889673	0.52408894777887	0.73501371985875	0.28895300179317	
199	0.52408894777887	0.73501371985875	0.28895300179317	0.65328148243819	0.65328148243819	0.27329069443950	0.57823103133006	0.77896565776163	0.14194081556872	
200	0.46003577916484	0.84652718571154	0.00000000000000	0.30738852387596	0.86848707854340	0.00000000000000	0.42523070680665	0.83387196083097	0.14914633665791	
201	0.30738852387596	0.86848707854340	0.00000000000000	0.26612987692847	0.84922519472194	0.15091617335506	0.42523070680665	0.83387196083097	0.14914633665791	
202	0.30738852387596	0.86848707854340	0.00000000000000	0.14292850000000	0.85707150000000	0.00000000000000	0.26612987692847	0.84922519472194	0.15091617335506	
203	0.26612987692847	0.84922519472194	0.15091617335506	0.37119494254468	0.78350559583457	0.29154765889673	0.42523070680665	0.83387196083097	0.14914633665791	
204	0.37119494254468	0.78350559583457	0.29154765889673	0.45096368625512	0.66439138539529	0.41231065328989	0.52408894777887	0.73501371985875	0.28895300179317	
205	0.45096368625512	0.66439138539529	0.41231065328989	0.58793780120968	0.58793780120968	0.39675659291932	0.52408894777887	0.73501371985875	0.28895300179317	
206	0.45096368625512	0.66439138539529	0.41231065328989	0.50000000000000	0.50000000000000	0.50497535803690	0.58793780120968	0.58793780120968	0.39675659291932	
207	0.58793780120968	0.58793780120968	0.39675659291932	0.65328148243819	0.65328148243819	0.27329069443950	0.52408894777887	0.73501371985875	0.28895300179317	
208	0.14292850000000	0.85707150000000	0.00000000000000	0.00998678199704	0.80650979893068	0.15091617335506	0.26612987692847	0.84922519472194	0.15091617335506	
209	0.00998678199704	0.80650979893068	0.15091617335506	0.12928369264045	0.77525034109284	0.30451159836069	0.26612987692847	0.84922519472194	0.15091617335506	
210	0.00998678199704	0.80650979893068	0.15091617335506	-0.12363551869507	0.70098578788470	0.29154765889673	0.12928369264045	0.77525034109284	0.30451159836069	
211	0.12928369264045	0.77525034109284	0.30451159836069	0.37119494254468	0.78350559583457	0.29154765889673	0.26612987692847	0.84922519472194	0.15091617335506	
212	-0.12363551869507	0.70098578788470	0.29154765889673	-0.02147197964843	0.62449466880396	0.45676739754103	0.12928369264045	0.77525034109284	0.30451159836069	
213	-0.02147197964843	0.62449466880396	0.45676739754103	0.23694480071585	0.66758923301744	0.45676739754103	0.12928369264045	0.77525034109284	0.30451159836069	
214	-0.02147197964843	0.62449466880396	0.45676739754103	0.08251980794987	0.49483046123976	0.58309531779347	0.23694480071585	0.66758923301744	0.45676739754103	
215	0.23694480071585	0.66758923301744	0.45676739754103	0.37119494254468	0.78350559583457	0.29154765889673	0.12928369264045	0.77525034109284	0.30451159836069	
216	-0.12363551869507	0.70098578788470	0.29154765889673	-0.24883226310548	0.54769075382816	0.41231065328989	-0.02147197964843	0.62449466880396	0.45676739754103	
217	-0.24883226310548	0.54769075382816	0.41231065328989	-0.14211841353539	0.44097690425808	0.56322682664494	-0.02147197964843	0.62449466880396	0.45676739754103	
218	-0.24883226310548	0.54769075382816	0.41231065328989	-0.35707150000000	0.35707150000000	0.50497535803690	-0.14211841353539	0.44097690425808	0.56322682664494	
219	-0.14211841353539	0.44097690425808	0.56322682664494	0.08251980794987	0.49483046123976	0.58309531779347	-0.02147197964843	0.62449466880396	0.45676739754103	
220	0.08251980794987	0.49483046123976	0.58309531779347	0.30153444089378	0.51496214003395	0.56322682664494	0.23694480071585	0.66758923301744	0.45676739754103	
221	0.30153444089378	0.51496214003395	0.56322682664494	0.45096368625512	0.66439138539529	0.41231065328989	0.23694480071585	0.66758923301744	0.45676739754103	
222	0.30153444089378	0.51496214003395	0.56322682664494	0.50000000000000	0.50000000000000	0.50497535803690	0.45096368625512	0.66439138539529	0.41231065328989	
223	0.45096368625512	0.66439138539529	0.41231065328989	0.37119494254468	0.78350559583457	0.29154765889673	0.23694480071585	0.66758923301744	0.45676739754103	
224	0.14292850000000	0.85707150000000	0.00000000000000	-0.02702418597573	0.81271914436284	0.00000000000000	0.00998678199704	0.80650979893068	0.15091617335506	
225	-0.02702418597573	0.81271914436284	0.00000000000000	-0.16348363638319	0.73569571999155	0.14914633665791	0.00998678199704	0.80650979893068	0.15091617335506	
226	-0.02702418597573	0.81271914436284	0.00000000000000	-0.19593834763976	0.73713444778595	0.00000000000000	-0.16348363638319	0.73569571999155	0.14914633665791	
227	-0.16348363638319	0.73569571999155	0.14914633665791	-0.12363551869507	0.70098578788470	0.29154765889673	0.00998678199704	0.80650979893068	0.15091617335506	
228	-0.19593834763976	0.73713444778595	0.00000000000000	-0.34407393871159	0.62515857642642	0.14194081556872	-0.16348363638319	0.73569571999155	0.14914633665791	
229	-0.34407393871159	0.62515857642642	0.14194081556872	-0.30191283189757	0.59726652447717	0.28895300179317	-0.16348363638319	0.73569571999155	0.14914633665791	
230	-0.34407393871159	0.62515857642642	0.14194081556872	-0.46653639771286	0.46653639771286	0.27329069443950	-0.30191283189757	0.59726652447717	0.28895300179317	
231	-0.30191283189757	0.59726652447717	0.28895300179317	-0.12363551869507	0.70098578788470	0.29154765889673	-0.16348363638319	0.73569571999155	0.14914633665791	
232	-0.19593834763976	0.73713444778595	0.00000000000000	-0.35732270848748	0.63322208777042	0.00000000000000	-0.34407393871159	0.62515857642642	0.14194081556872	
233	-0.35732270848748	0.63322208777042	0.00000000000000	-0.49527239812895	0.49527239812895	0.13932238783556	-0.34407393871159	0.62515857642642	0.14194081556872	
234	-0.35732270848748	0.63322208777042	0.00000000000000	-0.50497535803690	0.50497535803690	0.00000000000000	-0.49527239812895	0.49527239812895	0.13932238783556	
235	-0.49527239812895	0.49527239812895	0.13932238783556	-0.46653639771286	0.46653639771286	0.27329069443950	-0.34407393871159	0.62515857642642	0.14194081556872	
236	-0.46653639771286	0.46653639771286	0.27329069443950	-0.41987166516928	0.41987166516928	0.39675659291932	-0.30191283189757	0.59726652447717	0.28895300179317	
237	-0.41987166516928	0.41987166516928	0.39675659291932	-0.24883226310548	0.54769075382816	0.41231065328989	-0.30191283189757	0.59726652447717	0.28895300179317	
238	-0.41987166516928	0.41987166516928	0.39675659291932	-0.35707150000000	0.35707150000000	0.50497535803690	-0.24883226310548	0.54769075382816	0.41231065328989	
239	-0.24883226310548	0.54769075382816	0.41231065328989	-0.12363551869507	0.70098578788470	0.29154765889673	-0.30191283189757	0.59726652447717	0.28895300179317	
240	-0.35707150000000	0.35707150000000	0.50497535803690	-0.28054927733372	0.28054927733372	0.59378820333858	-0.14211841353539	0.44097690425808	0.56322682664494	
241	-0.28054927733372	0.28054927733372	0.59378820333858	-0.05664378072236	0.35199747330196	0.63581582039553	-0.14211841353539	0.44097690425808	0.56322682664494	
242	-0.28054927733372	0.28054927733372	0.59378820333858	-0.19324570327335	0.19324570327335	0.65978210098621	-0.05664378072236	0.35199747330196	0.63581582039553	
243	-0.05664378072236	0.35199747330196	0.63581582039553	0.08251980794987	0.49483046123976	0.58309531779347	-0.14211841353539	0.44097690425808	0.56322682664494	
244	-0.19324570327335	0.19324570327335	0.65978210098621	0.04017500564162	0.24090963207320	0.68535088400058	-0.05664378072236	0.35199747330196	0.63581582039553	
245	0.04017500564162	0.24090963207320	0.68535088400058	0.18064365576424	0.39156842784412	0.63581582039553	-0.05664378072236	0.35199747330196	0.63581582039553	
246	0.04017500564162	0.24090963207320	0.68535088400058	0.27059805007310	0.27059805007310	0.65978210098621	0.18064365576424	0.39156842784412	0.63581582039553	
247	0.18064365576424	0.39156842784412	0.63581582039553	0.08251980794987	0.49483046123976	0.58309531779347	-0.05664378072236	0.35199747330196	0.63581582039553	
248	-0.19324570327335	0.19324570327335	0.65978210098621	-0.09851580520963	0.09851580520963	0.70042094250300	0.04017500564162	0.24090963207320	0.68535088400058	
249	-0.09851580520963	0.09851580520963	0.70042094250300	0.13794968964147	0.13794968964147	0.70042094250300	0.04017500564162	0.24090963207320	0.68535088400058	
250	-0.09851580520963	0.09851580520963	0.70042094250300	-0.00000000000000	0.00000000000000	0.71414300000000	0.13794968964147	0.13794968964147	0.70042094250300	
251	0.13794968964147	0.13794968964147	0.70042094250300	0.27059805007310	0.27059805007310	0.65978210098621	0.04017500564162	0.24090963207320	0.68535088400058	
252	0.27059805007310	0.27059805007310	0.65978210098621	0.39284747919355	0.39284747919355	0.59378820333858	0.18064365576424	0.39156842784412	0.63581582039553	
253	0.39284747919355	0.39284747919355	0.59378820333858	0.30153444089378	0.51496214003395	0.56322682664494	0.18064365576424	0.39156842784412	0.63581582039553	
254	0.39284747919355	0.39284747919355	0.59378820333858	0.50000000000000	0.50000000000000	0.50497535803690	0.30153444089378	0.51496214003395	0.56322682664494	
255	0.30153444089378	0.51496214003395	0.56322682664494	0.08251980794987	0.49483046123976	0.58309531779347	0.18064365576424	0.39156842784412	0.63581582039553	
256	-0.70710678118655	-0.70710678118655	0.00000000000000	-0.79203572787070	-0.59500411745144	0.00000000000000	-0.69351992266107	-0.69351992266107	-0.13932238783556	
257	-0.79203572787070	-0.59500411745144	0.00000000000000	-0.77896565776163	-0.57823103133006	-0.14194081556872	-0.69351992266107	-0.69351992266107	-0.13932238783556	
258	-0.79203572787070	-0.59500411745144	0.00000000000000	-0.84652718571154	-0.46003577916484	0.00000000000000	-0.77896565776163	-0.57823103133006	-0.14194081556872	
259	-0.77896565776163	-0.57823103133006	-0.14194081556872	-0.65328148243819	-0.65328148243819	-0.27329069443950	-0.69351992266107	-0.69351992266107	-0.13932238783556	
260	-0.84652718571154	-0.46003577916484	0.00000000000000	-0.83387196083097	-0.42523070680665	-0.14914633665791	-0.77896565776163	-0.57823103133006	-0.14194081556872	
261	-0.83387196083097	-0.42523070680665	-0.14914633665791	-0.73501371985875	-0.52408894777887	-0.28895300179317	-0.77896565776163	-0.57823103133006	-0.14194081556872	
262	-0.83387196083097	-0.42523070680665	-0.14914633665791	-0.78350559583457	-0.37119494254468	-0.29154765889673	-0.73501371985875	-0.52408894777887	-0.28895300179317	
263	-0.73501371985875	-0.52408894777887	-0.28895300179317	-0.65328148243819	-0.65328148243819	-0.27329069443950	-0.77896565776163	-0.57823103133006	-0.14194081556872	
264	-0.84652718571154	-0.46003577916484	0.00000000000000	-0.86848707854340	-0.30738852387596	0.00000000000000	-0.83387196083097	-0.42523070680665	-0.14914633665791	
265	-0.86848707854340	-0.30738852387596	0.00000000000000	-0.84922519472194	-0.26612987692847	-0.15091617335506	-0.83387196083097	-0.42523070680665	-0.14914633665791	
266	-0.86848707854340	-0.30738852387596	0.00000000000000	-0.85707150000000	-0.14292850000000	0.00000000000000	-0.84922519472194	-0.26612987692847	-0.15091617335506	
267	-0.84922519472194	-0.26612987692847	-0.15091617335506	-0.78350559583457	-0.37119494254468	-0.29154765889673	-0.83387196083097	-0.42523070680665	-0.14914633665791	
268	-0.78350559583457	-0.37119494254468	-0.29154765889673	-0.66439138539529	-0.45096368625512	-0.41231065328989	-0.73501371985875	-0.52408894777887	-0.28895300179317	
269	-0.66439138539529	-0.45096368625512	-0.41231065328989	-0.58793780120968	-0.58793780120968	-0.39675659291932	-0.73501371985875	-0.52408894777887	-0.28895300179317	
270	-0.66439138539529	-0.45096368625512	-0.41231065328989	-0.50000000000000	-0.50000000000000	-0.50497535803690	-0.58793780120968	-0.58793780120968	-0.39675659291932	
271	-0.58793780120968	-0.58793780120968	-0.39675659291932	-0.65328148243819	-0.65328148243819	-0.27329069443950	-0.73501371985875	-0.52408894777887	-0.28895300179317	
272	-0.85707150000000	-0.14292850000000	0.00000000000000	-0.80650979893068	-0.00998678199704	-0.15091617335506	-0.84922519472194	-0.26612987692847	-0.15091617335506	
273	-0.80650979893068	-0.00998678199704	-0.15091617335506	-0.77525034109284	-0.12928369264045	-0.30451159836069	-0.84922519472194	-0.26612987692847	-0.15091617335506	
274	-0.80650979893068	-0.00998678199704	-0.15091617335506	-0.70098578788470	0.12363551869507	-0.29154765889673	-0.77525034109284	-0.12928369264045	-0.30451159836069	
275	-0.77525034109284	-0.12928369264045	-0.30451159836069	-0.78350559583457	-0.37119494254468	-0.29154765889673	-0.84922519472194	-0.26612987692847	-0.15091617335506	
276	-0.70098578788470	0.12363551869507	-0.29154765889673	-0.62449466880396	0.02147197964843	-0.45676739754103	-0.77525034109284	-0.12928369264045	-0.30451159836069	
277	-0.62449466880396	0.02147197964843	-0.45676739754103	-0.66758923301744	-0.23694480071585	-0.45676739754103	-0.77525034109284	-0.12928369264045	-0.30451159836069	
278	-0.62449466880396	0.02147197964843	-0.45676739754103	-0.49483046123976	-0.08251980794987	-0.58309531779347	-0.66758923301744	-0.23694480071585	-0.45676739754103	
279	-0.66758923301744	-0.23694480071585	-0.45676739754103	-0.78350559583457	-0.37119494254468	-0.29154765889673	-0.77525034109284	-0.12928369264045	-0.30451159836069	
280	-0.70098578788470	0.12363551869507	-0.29154765889673	-0.54769075382816	0.24883226310548	-0.41231065328989	-0.62449466880396	0.02147197964843	-0.45676739754103	
281	-0.54769075382816	0.24883226310548	-0.41231065328989	-0.44097690425808	0.14211841353539	-0.56322682664494	-0.62449466880396	0.02147197964843	-0.45676739754103	
282	-0.54769075382816	0.24883226310548	-0.41231065328989	-0.35707150000000	0.35707150000000	-0.50497535803690	-0.44097690425808	0.14211841353539	-0.56322682664494	
283	-0.44097690425808	0.14211841353539	-0.56322682664494	-0.49483046123976	-0.08251980794987	-0.58309531779347	-0.62449466880396	0.02147197964843	-0.45676739754103	
284	-0.49483046123976	-0.08251980794987	-0.58309531779347	-0.51496214003395	-0.30153444089378	-0.56322682664494	-0.66758923301744	-0.23694480071585	-0.45676739754103	
285	-0.51496214003395	-0.30153444089378	-0.56322682664494	-0.66439138539529	-0.45096368625512	-0.41231065328989	-0.66758923301744	-0.23694480071585	-0.45676739754103	
286	-0.51496214003395	-0.30153444089378	-0.56322682664494	-0.50000000000000	-0.50000000000000	-0.50497535803690	-0.66439138539529	-0.45096368625512	-0.41231065328989	
287	-0.66439138539529	-0.45096368625512	-0.41231065328989	-0.78350559583457	-0.37119494254468	-0.29154765889673	-0.66758923301744	-0.23694480071585	-0.45676739754103	
288	-0.85707150000000	-0.14292850000000	0.00000000000000	-0.81271914436284	0.02702418597573	0.00000000000000	-0.80650979893068	-0.00998678199704	-0.15091617335506	
289	-0.81271914436284	0.02702418597573	0.00000000000000	-0.73569571999155	0.16348363638319	-0.14914633665791	-0.80650979893068	-0.00998678199704	-0.15091617335506	
290	-0.81271914436284	0.02702418597573	0.00000000000000	-0.73713444778595	0.19593834763976	0.00000000000000	-0.73569571999155	0.16348363638319	-0.14914633665791	
291	-0.73569571999155	0.16348363638319	-0.14914633665791	-0.70098578788470	0.12363551869507	-0.29154765889673	-0.80650979893068	-0.00998678199704	-0.15091617335506	
292	-0.73713444778595	0.19593834763976	0.00000000000000	-0.62515857642641	0.34407393871159	-0.14194081556872	-0.73569571999155	0.16348363638319	-0.14914633665791	
293	-0.62515857642641	0.34407393871159	-0.14194081556872	-0.59726652447717	0.30191283189757	-0.28895300179317	-0.73569571999155	0.16348363638319	-0.14914633665791	
294	-0.62515857642641	0.34407393871159	-0.14194081556872	-0.46653639771286	0.46653639771286	-0.27329069443950	-0.59726652447717	0.30191283189757	-0.28895300179317	
295	-0.59726652447717	0.30191283189757	-0.28895300179317	-0.70098578788470	0.12363551869507	-0.29154765889673	-0.73569571999155	0.16348363638319	-0.14914633665791	
296	-0.73713444778595	0.19593834763976	0.00000000000000	-0.63322208777042	0.35732270848748	0.00000000000000	-0.62515857642641	0.34407393871159	-0.14194081556872	
297	-0.63322208777042	0.35732270848748	0.00000000000000	-0.49527239812895	0.49527239812895	-0.13932238783556	-0.62515857642641	0.34407393871159	-0.14194081556872	
298	-0.63322208777042	0.35732270848748	0.00000000000000	-0.50497535803690	0.50497535803690	0.00000000000000	-0.49527239812895	0.49527239812895	-0.13932238783556	
299	-0.49527239812895	0.49527239812895	-0.13932238783556	-0.46653639771286	0.46653639771286	-0.27329069443950	-0.62515857642641	0.34407393871159	-0.14194081556872	
300	-0.46653639771286	0.46653639771286	-0.27329069443950	-0.41987166516928	0.41987166516928	-0.39675659291932	-0.59726652447717	0.30191283189757	-0.28895300179317	
301	-0.41987166516928	0.41987166516928	-0.39675659291932	-0.54769075382816	0.24883226310548	-0.41231065328989	-0.59726652447717	0.30191283189757	-0.28895300179317	
302	-0.41987166516928	0.41987166516928	-0.39675659291932	-0.35707150000000	0.35707150000000	-0.50497535803690	-0.54769075382816	0.24883226310548	-0.41231065328989	
303	-0.54769075382816	0.24883226310548	-0.41231065328989	-0.70098578788470	0.12363551869507	-0.29154765889673	-0.59726652447717	0.30191283189757	-0.28895300179317	
304	-0.35707150000000	0.35707150000000	-0.50497535803690	-0.28054927733372	0.28054927733372	-0.59378820333858	-0.44097690425808	0.14211841353539	-0.56322682664494	
305	-0.28054927733372	0.28054927733372	-0.59378820333858	-0.35199747330196	0.05664378072236	-0.63581582039553	-0.44097690425808	0.14211841353539	-0.56322682664494	
306	-0.28054927733372	0.28054927733372	-0.59378820333858	-0.19324570327335	0.19324570327335	-0.65978210098621	-0.35199747330196	0.05664378072236	-0.63581582039553	
307	-0.35199747330196	0.05664378072236	-0.63581582039553	-0.49483046123976	-0.08251980794987	-0.58309531779347	-0.44097690425808	0.14211841353539	-0.56322682664494	
308	-0.19324570327335	0.19324570327335	-0.65978210098621	-0.24090963207320	-0.04017500564162	-0.68535088400058	-0.35199747330196	0.05664378072236	-0.63581582039553	
309	-0.24090963207320	-0.04017500564162	-0.68535088400058	-0.39156842784412	-0.18064365576424	-0.63581582039553	-0.35199747330196	0.05664378072236	-0.63581582039553	
310	-0.24090963207320	-0.04017500564162	-0.68535088400058	-0.27059805007310	-0.27059805007310	-0.65978210098621	-0.39156842784412	-0.18064365576424	-0.63581582039553	
311	-0.39156842784412	-0.18064365576424	-0.63581582039553	-0.49483046123976	-0.08251980794987	-0.58309531779347	-0.35199747330196	0.05664378072236	-0.63581582039553	
312	-0.19324570327335	0.19324570327335	-0.65978210098621	-0.09851580520963	0.09851580520963	-0.70042094250300	-0.24090963207320	-0.04017500564162	-0.68535088400058	
313	-0.09851580520963	0.09851580520963	-0.70042094250300	-0.13794968964147	-0.13794968964147	-0.70042094250300	-0.24090963207320	-0.04017500564162	-0.68535088400058	
314	-0.09851580520963	0.09851580520963	-0.70042094250300	-0.00000000000000	0.00000000000000	-0.71414300000000	-0.13794968964147	-0.13794968964147	-0.70042094250300	
315	-0.13794968964147	-0.13794968964147	-0.70042094250300	-0.27059805007310	-0.27059805007310	-0.65978210098621	-0.24090963207320	-0.04017500564162	-0.68535088400058	
316	-0.27059805007310	-0.27059805007310	-0.65978210098621	-0.39284747919355	-0.39284747919355	-0.59378820333858	-0.39156842784412	-0.18064365576424	-0.63581582039553	
317	-0.39284747919355	-0.39284747919355	-0.59378820333858	-0.51496214003395	-0.30153444089378	-0.56322682664494	-0.39156842784412	-0.18064365576424	-0.63581582039553	
318	-0.39284747919355	-0.39284747919355	-0.59378820333858	-0.50000000000000	-0.50000000000000	-0.50497535803690	-0.51496214003395	-0.30153444089378	-0.56322682664494	
319	-0.51496214003395	-0.30153444089378	-0.56322682664494	-0.49483046123976	-0.08251980794987	-0.58309531779347	-0.39156842784412	-0.18064365576424	-0.63581582039553	
320	0.50497535803690	-0.50497535803690	0.00000000000000	0.35732270848748	-0.63322208777042	0.00000000000000	0.49527239812895	-0.49527239812895	-0.13932238783556	
321	0.35732270848748	-0.63322208777042	0.00000000000000	0.34407393871159	-0.62515857642642	-0.14194081556872	0.49527239812895	-0.49527239812895	-0.13932238783556	
322	0.35732270848748	-0.63322208777042	0.00000000000000	0.19593834763976	-0.73713444778595	0.00000000000000	0.34407393871159	-0.62515857642642	-0.14194081556872	
323	0.34407393871159	-0.62515857642642	-0.14194081556872	0.46653639771285	-0.46653639771286	-0.27329069443950	0.49527239812895	-0.49527239812895	-0.13932238783556	
324	0.19593834763976	-0.73713444778595	0.00000000000000	0.16348363638319	-0.73569571999155	-0.14914633665791	0.34407393871159	-0.62515857642642	-0.14194081556872	
325	0.16348363638319	-0.73569571999155	-0.14914633665791	0.30191283189757	-0.59726652447717	-0.28895300179317	0.34407393871159	-0.62515857642642	-0.14194081556872	
326	0.16348363638319	-0.73569571999155	-0.14914633665791	0.12363551869507	-0.70098578788470	-0.29154765889673	0.30191283189757	-0.59726652447717	-0.28895300179317	
327	0.30191283189757	-0.59726652447717	-0.28895300179317	0.46653639771285	-0.46653639771286	-0.27329069443950	0.34407393871159	-0.62515857642642	-0.14194081556872	
328	0.19593834763976	-0.73713444778595	0.00000000000000	0.02702418597573	-0.81271914436284	0.00000000000000	0.16348363638319	-0.73569571999155	-0.14914633665791	
329	0.02702418597573	-0.81271914436284	0.00000000000000	-0.00998678199704	-0.80650979893068	-0.15091617335506	0.16348363638319	-0.73569571999155	-0.14914633665791	
330	0.02702418597573	-0.81271914436284	0.00000000000000	-0.14292850000000	-0.85707150000000	0.00000000000000	-0.00998678199704	-0.80650979893068	-0.15091617335506	
331	-0.00998678199704	-0.80650979893068	-0.15091617335506	0.12363551869507	-0.70098578788470	-0.29154765889673	0.16348363638319	-0.73569571999155	-0.14914633665791	
332	0.12363551869507	-0.70098578788470	-0.29154765889673	0.24883226310548	-0.54769075382816	-0.41231065328989	0.30191283189757	-0.59726652447717	-0.28895300179317	
333	0.24883226310548	-0.54769075382816	-0.41231065328989	0.41987166516928	-0.41987166516928	-0.39675659291932	0.30191283189757	-0.59726652447717	-0.28895300179317	
334	0.24883226310548	-0.54769075382816	-0.41231065328989	0.35707150000000	-0.35707150000000	-0.50497535803690	0.41987166516928	-0.41987166516928	-0.39675659291932	
335	0.41987166516928	-0.41987166516928	-0.39675659291932	0.46653639771285	-0.46653639771286	-0.27329069443950	0.30191283189757	-0.59726652447717	-0.28895300179317	
336	-0.14292850000000	-0.85707150000000	0.00000000000000	-0.26612987692847	-0.84922519472194	-0.15091617335506	-0.00998678199704	-0.80650979893068	-0.15091617335506	
337	-0.26612987692847	-0.84922519472194	-0.15091617335506	-0.12928369264045	-0.77525034109284	-0.30451159836069	-0.00998678199704	-0.80650979893068	-0.15091617335506	
338	-0.26612987692847	-0.84922519472194	-0.15091617335506	-0.37119494254468	-0.78350559583457	-0.29154765889673	-0.12928369264045	-0.77525034109284	-0.30451159836069	
339	-0.12928369264045	-0.77525034109284	-0.30451159836069	0.12363551869507	-0.70098578788470	-0.29154765889673	-0.00998678199704	-0.80650979893068	-0.15091617335506	
340	-0.37119494254468	-0.78350559583457	-0.29154765889673	-0.23694480071585	-0.66758923301744	-0.45676739754103	-0.12928369264045	-0.77525034109284	-0.30451159836069	
341	-0.23694480071585	-0.66758923301744	-0.45676739754103	0.02147197964843	-0.62449466880396	-0.45676739754103	-0.12928369264045	-0.77525034109284	-0.30451159836069	
342	-0.23694480071585	-0.66758923301744	-0.45676739754103	-0.08251980794987	-0.49483046123976	-0.58309531779347	0.02147197964843	-0.62449466880396	-0.45676739754103	
343	0.02147197964843	-0.62449466880396	-0.45676739754103	0.12363551869507	-0.70098578788470	-0.29154765889673	-0.12928369264045	-0.77525034109284	-0.30451159836069	
344	-0.37119494254468	-0.78350559583457	-0.29154765889673	-0.45096368625512	-0.66439138539529	-0.41231065328989	-0.23694480071585	-0.66758923301744	-0.45676739754103	
345	-0.45096368625512	-0.66439138539529	-0.41231065328989	-0.30153444089378	-0.51496214003395	-0.56322682664494	-0.23694480071585	-0.66758923301744	-0.45676739754103	
346	-0.45096368625512	-0.66439138539529	-0.41231065328989	-0.50000000000000	-0.50000000000000	-0.50497535803690	-0.30153444089378	-0.51496214003395	-0.56322682664494	
347	-0.30153444089378	-0.51496214003395	-0.56322682664494	-0.08251980794987	-0.49483046123976	-0.58309531779347	-0.23694480071585	-0.66758923301744	-0.45676739754103	
348	-0.08251980794987	-0.49483046123976	-0.58309531779347	0.14211841353539	-0.44097690425808	-0.56322682664494	0.02147197964843	-0.62449466880396	-0.45676739754103	
349	0.14211841353539	-0.44097690425808	-0.56322682664494	0.24883226310548	-0.54769075382816	-0.41231065328989	0.02147197964843	-0.62449466880396	-0.45676739754103	
350	0.14211841353539	-0.44097690425808	-0.56322682664494	0.35707150000000	-0.35707150000000	-0.50497535803690	0.24883226310548	-0.54769075382816	-0.41231065328989	
351	0.24883226310548	-0.54769075382816	-0.41231065328989	0.12363551869507	-0.70098578788470	-0.29154765889673	0.02147197964843	-0.62449466880396	-0.45676739754103	
352	-0.14292850000000	-0.85707150000000	0.00000000000000	-0.30738852387596	-0.86848707854340	0.00000000000000	-0.26612987692847	-0.84922519472194	-0.15091617335506	
353	-0.30738852387596	-0.86848707854340	0.00000000000000	-0.42523070680665	-0.83387196083097	-0.14914633665791	-0.26612987692847	-0.84922519472194	-0.15091617335506	
354	-0.30738852387596	-0.86848707854340	0.00000000000000	-0.46003577916484	-0.84652718571154	0.00000000000000	-0.42523070680665	-0.83387196083097	-0.14914633665791	
355	-0.42523070680665	-0.83387196083097	-0.14914633665791	-0.37119494254468	-0.78350559583457	-0.29154765889673	-0.26612987692847	-0.84922519472194	-0.15091617335506	
356	-0.46003577916484	-0.84652718571154	0.00000000000000	-0.57823103133006	-0.77896565776163	-0.14194081556872	-0.42523070680665	-0.83387196083097	-0.14914633665791	
357	-0.57823103133006	-0.77896565776163	-0.14194081556872	-0.52408894777887	-0.73501371985875	-0.28895300179317	-0.42523070680665	-0.83387196083097	-0.14914633665791	
358	-0.57823103133006	-0.77896565776163	-0.14194081556872	-0.65328148243819	-0.65328148243819	-0.27329069443950	-0.52408894777887	-0.73501371985875	-0.28895300179317	
359	-0.52408894777887	-0.73501371985875	-0.28895300179317	-0.37119494254468	-0.78350559583457	-0.29154765889673	-0.42523070680665	-0.83387196083097	-0.14914633665791	
360	-0.46003577916484	-0.84652718571154	0.00000000000000	-0.59500411745144	-0.79203572787070	0.00000000000000	-0.57823103133006	-0.77896565776163	-0.14194081556872	
361	-0.59500411745144	-0.79203572787070	0.00000000000000	-0.69351992266107	-0.69351992266107	-0.13932238783556	-0.57823103133006	-0.77896565776163	-0.14194081556872	
362	-0.59500411745144	-0.79203572787070	0.00000000000000	-0.70710678118655	-0.70710678118655	0.00000000000000	-0.69351992266107	-0.69351992266107	-0.13932238783556	
363	-0.69351992266107	-0.69351992266107	-0.13932238783556	-0.65328148243819	-0.65328148243819	-0.27329069443950	-0.57823103133006	-0.77896565776163	-0.14194081556872	
364	-0.65328148243819	-0.65328148243819	-0.27329069443950	-0.58793780120968	-0.58793780120968	-0.39675659291932	-0.52408894777887	-0.73501371985875	-0.28895300179317	
365	-0.58793780120968	-0.58793780120968	-0.39675659291932	-0.45096368625512	-0.66439138539529	-0.41231065328989	-0.52408894777887	-0.73501371985875	-0.28895300179317	
366	-0.58793780120968	-0.58793780120968	-0.39675659291932	-0.50000000000000	-0.50000000000000	-0.50497535803690	-0.45096368625512	-0.66439138539529	-0.41231065328989	
367	-0.45096368625512	-0.66439138539529	-0.41231065328989	-0.37119494254468	-0.78350559583457	-0.29154765889673	-0.52408894777887	-0.73501371985875	-0.28895300179317	
368	-0.50000000000000	-0.50000000000000	-0.50497535803690	-0.39284747919355	-0.39284747919355	-0.59378820333858	-0.30153444089378	-0.51496214003395	-0.56322682664494	
369	-0.39284747919355	-0.39284747919355	-0.59378820333858	-0.18064365576424	-0.39156842784412	-0.63581582039553	-0.30153444089378	-0.51496214003395	-0.56322682664494	
370	-0.39284747919355	-0.39284747919355	-0.59378820333858	-0.27059805007310	-0.27059805007310	-0.65978210098621	-0.18064365576424	-0.39156842784412	-0.63581582039553	
371	-0.18064365576424	-0.39156842784412	-0.63581582039553	-0.08251980794987	-0.49483046123976	-0.58309531779347	-0.30153444089378	-0.51496214003395	-0.56322682664494	
372	-0.27059805007310	-0.27059805007310	-0.65978210098621	-0.04017500564162	-0.24090963207320	-0.68535088400058	-0.18064365576424	-0.39156842784412	-0.63581582039553	
373	-0.04017500564162	-0.24090963207320	-0.68535088400058	0.05664378072236	-0.35199747330196	-0.63581582039553	-0.18064365576424	-0.39156842784412	-0.63581582039553	
374	-0.04017500564162	-0.24090963207320	-0.68535088400058	0.19324570327335	-0.19324570327335	-0.65978210098621	0.05664378072236	-0.35199747330196	-0.63581582039553	
375	0.05664378072236	-0.35199747330196	-0.63581582039553	-0.08251980794987	-0.49483046123976	-0.58309531779347	-0.18064365576424	-0.39156842784412	-0.63581582039553	
376	-0.27059805007310	-0.27059805007310	-0.65978210098621	-0.13794968964147	-0.13794968964147	-0.70042094250300	-0.04017500564162	-0.24090963207320	-0.68535088400058	
377	-0.13794968964147	-0.13794968964147	-0.70042094250300	0.09851580520963	-0.09851580520963	-0.70042094250300	-0.04017500564162	-0.24090963207320	-0.68535088400058	
378	-0.13794968964147	-0.13794968964147	-0.70042094250300	-0.00000000000000	0.00000000000000	-0.71414300000000	0.09851580520963	-0.09851580520963	-0.70042094250300	
379	0.09851580520963	-0.09851580520963	-0.70042094250300	0.19324570327335	-0.19324570327335	-0.65978210098621	-0.04017500564162	-0.24090963207320	-0.68535088400058	
380	0.19324570327335	-0.19324570327335	-0.65978210098621	0.28054927733372	-0.28054927733372	-0.59378820333858	0.05664378072236	-0.35199747330196	-0.63581582039553	
381	0.28054927733372	-0.28054927733372	-0.59378820333858	0.14211841353539	-0.44097690425808	-0.56322682664494	0.05664378072236	-0.35199747330196	-0.63581582039553	
382	0.28054927733372	-0.28054927733372	-0.59378820333858	0.35707150000000	-0.35707150000000	-0.50497535803690	0.14211841353539	-0.44097690425808	-0.56322682664494	
383	0.14211841353539	-0.44097690425808	-0.56322682664494	-0.08251980794987	-0.49483046123976	-0.58309531779347	0.05664378072236	-0.35199747330196	-0.63581582039553	
384	0.70710678118655	0.70710678118655	0.00000000000000	0.79203572787070	0.59500411745144	0.00000000000000	0.69351992266107	0.69351992266107	-0.13932238783556	
385	0.79203572787070	0.59500411745144	0.00000000000000	0.77896565776163	0.57823103133006	-0.14194081556872	0.69351992266107	0.69351992266107	-0.13932238783556	
386	0.79203572787070	0.59500411745144	0.00000000000000	0.84652718571154	0.46003577916484	0.00000000000000	0.77896565776163	0.57823103133006	-0.14194081556872	
387	0.77896565776163	0.57823103133006	-0.14194081556872	0.65328148243819	0.65328148243819	-0.27329069443950	0.69351992266107	0.69351992266107	-0.13932238783556	
388	0.84652718571154	0.46003577916484	0.00000000000000	0.83387196083097	0.42523070680665	-0.14914633665791	0.77896565776163	0.57823103133006	-0.14194081556872	
389	0.83387196083097	0.42523070680665	-0.14914633665791	0.73501371985875	0.52408894777887	-0.28895300179317	0.77896565776163	0.57823103133006	-0.14194081556872	
390	0.83387196083097	0.42523070680665	-0.14914633665791	0.78350559583457	0.37119494254468	-0.29154765889673	0.73501371985875	0.52408894777887	-0.28895300179317	
391	0.73501371985875	0.52408894777887	-0.28895300179317	0.65328148243819	0.65328148243819	-0.27329069443950	0.77896565776163	0.57823103133006	-0.14194081556872	
392	0.84652718571154	0.46003577916484	0.00000000000000	0.86848707854340	0.30738852387596	0.00000000000000	0.83387196083097	0.42523070680665	-0.14914633665791	
393	0.86848707854340	0.30738852387596	0.00000000000000	0.84922519472194	0.26612987692847	-0.15091617335506	0.83387196083097	0.42523070680665	-0.14914633665791	
394	0.86848707854340	0.30738852387596	0.00000000000000	0.85707150000000	0.14292850000000	0.00000000000000	0.84922519472194	0.26612987692847	-0.15091617335506	
395	0.84922519472194	0.26612987692847	-0.15091617335506	0.78350559583457	0.37119494254468	-0.29154765889673	0.83387196083097	0.42523070680665	-0.14914633665791	
396	0.78350559583457	0.37119494254468	-0.29154765889673	0.66439138539529	0.45096368625512	-0.41231065328989	0.73501371985875	0.52408894777887	-0.28895300179317	
397	0.66439138539529	0.45096368625512	-0.41231065328989	0.58793780120968	0.58793780120968	-0.39675659291932	0.73501371985875	0.52408894777887	-0.28895300179317	
398	0.66439138539529	0.45096368625512	-0.41231065328989	0.50000000000000	0.50000000000000	-0.50497535803690	0.58793780120968	0.58793780120968	-0.39675659291932	
399	0.58793780120968	0.58793780120968	-0.39675659291932	0.65328148243819	0.65328148243819	-0.27329069443950	0.73501371985875	0.52408894777887	-0.28895300179317	
400	0.85707150000000	0.14292850000000	0.00000000000000	0.80650979893068	0.00998678199704	-0.15091617335506	0.84922519472194	0.26612987692847	-0.15091617335506	
401	0.80650979893068	0.00998678199704	-0.15091617335506	0.77525034109284	0.12928369264045	-0.30451159836069	0.84922519472194	0.26612987692847	-0.15091617335506	
402	0.80650979893068	0.00998678199704	-0.15091617335506	0.70098578788470	-0.12363551869507	-0.29154765889673	0.77525034109284	0.12928369264045	-0.30451159836069	
403	0.77525034109284	0.12928369264045	-0.30451159836069	0.78350559583457	0.37119494254468	-0.29154765889673	0.84922519472194	0.26612987692847	-0.15091617335506	
404	0.70098578788470	-0.12363551869507	-0.29154765889673	0.62449466880396	-0.02147197964843	-0.45676739754103	0.77525034109284	0.12928369264045	-0.30451159836069	
405	0.62449466880396	-0.02147197964843	-0.45676739754103	0.66758923301744	0.23694480071585	-0.45676739754103	0.77525034109284	0.12928369264045	-0.30451159836069	
406	0.62449466880396	-0.02147197964843	-0.45676739754103	0.49483046123976	0.08251980794987	-0.58309531779347	0.66758923301744	0.23694480071585	-0.45676739754103	
407	0.66758923301744	0.23694480071585	-0.45676739754103	0.78350559583457	0.37119494254468	-0.29154765889673	0.77525034109284	0.12928369264045	-0.30451159836069	
408	0.70098578788470	-0.12363551869507	-0.29154765889673	0.54769075382816	-0.24883226310548	-0.41231065328989	0.62449466880396	-0.02147197964843	-0.45676739754103	
409	0.54769075382816	-0.24883226310548	-0.41231065328989	0.44097690425808	-0.14211841353539	-0.56322682664494	0.62449466880396	-0.02147197964843	-0.45676739754103	
410	0.54769075382816	-0.24883226310548	-0.41231065328989	0.35707150000000	-0.35707150000000	-0.50497535803690	0.44097690425808	-0.14211841353539	-0.56322682664494	
411	0.44097690425808	-0.14211841353539	-0.56322682664494	0.49483046123976	0.08251980794987	-0.58309531779347	0.62449466880396	-0.02147197964843	-0.45676739754103	
412	0.49483046123976	0.08251980794987	-0.58309531779347	0.51496214003395	0.30153444089378	-0.56322682664494	0.66758923301744	0.23694480071585	-0.45676739754103	
413	0.51496214003395	0.30153444089378	-0.56322682664494	0.66439138539529	0.45096368625512	-0.41231065328989	0.66758923301744	0.23694480071585	-0.45676739754103	
414	0.51496214003395	0.30153444089378	-0.56322682664494	0.50000000000000	0.50000000000000	-0.50497535803690	0.66439138539529	0.45096368625512	-0.41231065328989	
415	0.66439138539529	0.45096368625512	-0.41231065328989	0.78350559583457	0.37119494254468	-0.29154765889673	0.66758923301744	0.23694480071585	-0.45676739754103	
416	0.85707150000000	0.14292850000000	0.00000000000000	0.81271914436284	-0.02702418597573	0.00000000000000	0.80650979893068	0.00998678199704	-0.15091617335506	
417	0.81271914436284	-0.02702418597573	0.00000000000000	0.73569571999155	-0.16348363638319	-0.14914633665791	0.80650979893068	0.00998678199704	-0.15091617335506	
418	0.81271914436284	-0.02702418597573	0.00000000000000	0.73713444778595	-0.19593834763976	0.00000000000000	0.73569571999155	-0.16348363638319	-0.14914633665791	
419	0.73569571999155	-0.16348363638319	-0.14914633665791	0.70098578788470	-0.12363551869507	-0.29154765889673	0.80650979893068	0.00998678199704	-0.15091617335506	
420	0.73713444778595	-0.19593834763976	0.00000000000000	0.62515857642642	-0.34407393871159	-0.14194081556872	0.73569571999155	-0.16348363638319	-0.14914633665791	
421	0.62515857642642	-0.34407393871159	-0.14194081556872	0.59726652447717	-0.30191283189757	-0.28895300179317	0.73569571999155	-0.16348363638319	-0.14914633665791	
422	0.62515857642642	-0.34407393871159	-0.14194081556872	0.46653639771285	-0.46653639771286	-0.27329069443950	0.59726652447717	-0.30191283189757	-0.28895300179317	
423	0.59726652447717	-0.30191283189757	-0.28895300179317	0.70098578788470	-0.12363551869507	-0.29154765889673	0.73569571999155	-0.16348363638319	-0.14914633665791	
424	0.73713444778595	-0.19593834763976	0.00000000000000	0.63322208777042	-0.35732270848748	0.00000000000000	0.62515857642642	-0.34407393871159	-0.14194081556872	
425	0.63322208777042	-0.35732270848748	0.00000000000000	0.49527239812895	-0.49527239812895	-0.13932238783556	0.62515857642642	-0.34407393871159	-0.14194081556872	
426	0.63322208777042	-0.35732270848748	0.00000000000000	0.50497535803690	-0.50497535803690	0.00000000000000	0.49527239812895	-0.49527239812895	-0.13932238783556	
427	0.49527239812895	-0.49527239812895	-0.13932238783556	0.46653639771285	-0.46653639771286	-0.27329069443950	0.62515857642642	-0.34407393871159	-0.14194081556872	
428	0.46653639771285	-0.46653639771286	-0.27329069443950	0.41987166516928	-0.41987166516928	-0.39675659291932	0.59726652447717	-0.30191283189757	-0.28895300179317	
429	0.41987166516928	-0.41987166516928	-0.39675659291932	0.54769075382816	-0.24883226310548	-0.41231065328989	0.59726652447717	-0.30191283189757	-0.28895300179317	
430	0.41987166516928	-0.41987166516928	-0.39675659291932	0.35707150000000	-0.35707150000000	-0.50497535803690	0.54769075382816	-0.24883226310548	-0.41231065328989	
431	0.54769075382816	-0.24883226310548	-0.41231065328989	0.70098578788470	-0.12363551869507	-0.29154765889673	0.59726652447717	-0.30191283189757	-0.28895300179317	
432	0.35707150000000	-0.35707150000000	-0.50497535803690	0.28054927733372	-0.28054927733372	-0.59378820333858	0.44097690425808	-0.14211841353539	-0.56322682664494	
433	0.28054927733372	-0.28054927733372	-0.59378820333858	0.35199747330196	-0.05664378072236	-0.63581582039553	0.44097690425808	-0.14211841353539	-0.56322682664494	
434	0.28054927733372	-0.28054927733372	-0.59378820333858	0.19324570327335	-0.19324570327335	-0.65978210098621	0.35199747330196	-0.05664378072236	-0.63581582039553	
435	0.35199747330196	-0.05664378072236	-0.63581582039553	0.49483046123976	0.08251980794987	-0.58309531779347	0.44097690425808	-0.14211841353539	-0.56322682664494	
436	0.19324570327335	-0.19324570327335	-0.65978210098621	0.24090963207320	0.04017500564162	-0.68535088400058	0.35199747330196	-0.05664378072236	-0.63581582039553	
437	0.24090963207320	0.04017500564162	-0.68535088400058	0.39156842784412	0.18064365576424	-0.63581582039553	0.35199747330196	-0.05664378072236	-0.63581582039553	
438	0.24090963207320	0.04017500564162	-0.68535088400058	0.27059805007310	0.27059805007310	-0.65978210098621	0.39156842784412	0.18064365576424	-0.63581582039553	
439	0.39156842784412	0.18064365576424	-0.63581582039553	0.49483046123976	0.08251980794987	-0.58309531779347	0.35199747330196	-0.05664378072236	-0.63581582039553	
440	0.19324570327335	-0.19324570327335	-0.65978210098621	0.09851580520963	-0.09851580520963	-0.70042094250300	0.24090963207320	0.04017500564162	-0.68535088400058	
441	0.09851580520963	-0.09851580520963	-0.70042094250300	0.13794968964147	0.13794968964147	-0.70042094250300	0.24090963207320	0.04017500564162	-0.68535088400058	
442	0.09851580520963	-0.09851580520963	-0.70042094250300	-0.00000000000000	0.00000000000000	-0.71414300000000	0.13794968964147	0.13794968964147	-0.70042094250300	
443	0.13794968964147	0.13794968964147	-0.70042094250300	0.27059805007310	0.27059805007310	-0.65978210098621	0.24090963207320	0.04017500564162	-0.68535088400058	
444	0.27059805007310	0.27059805007310	-0.65978210098621	0.39284747919355	0.39284747919355	-0.59378820333858	0.39156842784412	0.18064365576424	-0.63581582039553	
445	0.39284747919355	0.39284747919355	-0.59378820333858	0.51496214003395	0.30153444089378	-0.56322682664494	0.39156842784412	0.18064365576424	-0.63581582039553	
446	0.39284747919355	0.39284747919355	-0.59378820333858	0.50000000000000	0.50000000000000	-0.50497535803690	0.51496214003395	0.30153444089378	-0.56322682664494	
447	0.51496214003395	0.30153444089378	-0.56322682664494	0.49483046123976	0.08251980794987	-0.58309531779347	0.39156842784412	0.18064365576424	-0.63581582039553	
448	-0.50497535803690	0.50497535803690	0.00000000000000	-0.35732270848748	0.63322208777042	0.00000000000000	-0.49527239812895	0.49527239812895	-0.13932238783556	
449	-0.35732270848748	0.63322208777042	0.00000000000000	-0.34407393871159	0.62515857642642	-0.14194081556872	-0.49527239812895	0.49527239812895	-0.13932238783556	
450	-0.35732270848748	0.63322208777042	0.00000000000000	-0.19593834763976	0.73713444778595	0.00000000000000	-0.34407393871159	0.62515857642642	-0.14194081556872	
451	-0.34407393871159	0.62515857642642	-0.14194081556872	-0.46653639771286	0.46653639771286	-0.27329069443950	-0.49527239812895	0.49527239812895	-0.13932238783556	
452	-0.19593834763976	0.73713444778595	0.00000000000000	-0.16348363638319	0.73569571999155	-0.14914633665791	-0.34407393871159	0.62515857642642	-0.14194081556872	
453	-0.16348363638319	0.73569571999155	-0.14914633665791	-0.30191283189757	0.59726652447717	-0.28895300179317	-0.34407393871159	0.62515857642642	-0.14194081556872	
454	-0.16348363638319	0.73569571999155	-0.14914633665791	-0.12363551869507	0.70098578788470	-0.29154765889673	-0.30191283189757	0.59726652447717	-0.28895300179317	
455	-0.30191283189757	0.59726652447717	-0.28895300179317	-0.46653639771286	0.46653639771286	-0.27329069443950	-0.34407393871159	0.62515857642642	-0.14194081556872	
456	-0.19593834763976	0.73713444778595	0.00000000000000	-0.02702418597573	0.81271914436284	0.00000000000000	-0.16348363638319	0.73569571999155	-0.14914633665791	
457	-0.02702418597573	0.81271914436284	0.00000000000000	0.00998678199704	0.80650979893068	-0.15091617335506	-0.16348363638319	0.73569571999155	-0.14914633665791	
458	-0.02702418597573	0.81271914436284	0.00000000000000	0.14292850000000	0.85707150000000	0.00000000000000	0.00998678199704	0.80650979893068	-0.15091617335506	
459	0.00998678199704	0.80650979893068	-0.15091617335506	-0.12363551869507	0.70098578788470	-0.29154765889673	-0.16348363638319	0.73569571999155	-0.14914633665791	
460	-0.12363551869507	0.70098578788470	-0.29154765889673	-0.24883226310548	0.54769075382816	-0.41231065328989	-0.30191283189757	0.59726652447717	-0.28895300179317	
461	-0.24883226310548	0.54769075382816	-0.41231065328989	-0.41987166516928	0.41987166516928	-0.39675659291932	-0.30191283189757	0.59726652447717	-0.28895300179317	
462	-0.24883226310548	0.54769075382816	-0.41231065328989	-0.35707150000000	0.35707150000000	-0.50497535803690	-0.41987166516928	0.41987166516928	-0.39675659291932	
463	-0.41987166516928	0.41987166516928	-0.39675659291932	-0.46653639771286	0.46653639771286	-0.27329069443950	-0.30191283189757	0.59726652447717	-0.28895300179317	
464	0.14292850000000	0.85707150000000	0.00000000000000	0.26612987692847	0.84922519472194	-0.15091617335506	0.00998678199704	0.80650979893068	-0.15091617335506	
465	0.26612987692847	0.84922519472194	-0.15091617335506	0.12928369264045	0.77525034109284	-0.30451159836069	0.00998678199704	0.80650979893068	-0.15091617335506	
466	0.26612987692847	0.84922519472194	-0.15091617335506	0.37119494254468	0.78350559583457	-0.29154765889673	0.12928369264045	0.77525034109284	-0.30451159836069	
467	0.12928369264045	0.77525034109284	-0.30451159836069	-0.12363551869507	0.70098578788470	-0.29154765889673	0.00998678199704	0.80650979893068	-0.15091617335506	
468	0.37119494254468	0.78350559583457	-0.29154765889673	0.23694480071585	0.66758923301744	-0.45676739754103	0.12928369264045	0.77525034109284	-0.30451159836069	
469	0.23694480071585	0.66758923301744	-0.45676739754103	-0.02147197964843	0.62449466880396	-0.45676739754103	0.12928369264045	0.77525034109284	-0.30451159836069	
470	0.23694480071585	0.66758923301744	-0.45676739754103	0.08251980794987	0.49483046123976	-0.58309531779347	-0.02147197964843	0.62449466880396	-0.45676739754103	
471	-0.02147197964843	0.62449466880396	-0.45676739754103	-0.12363551869507	0.70098578788470	-0.29154765889673	0.12928369264045	0.77525034109284	-0.30451159836069	
472	0.37119494254468	0.78350559583457	-0.29154765889673	0.45096368625512	0.66439138539529	-0.41231065328989	0.23694480071585	0.66758923301744	-0.45676739754103	
473	0.45096368625512	0.66439138539529	-0.41231065328989	0.30153444089378	0.51496214003395	-0.56322682664494	0.23694480071585	0.66758923301744	-0.45676739754103	
474	0.45096368625512	0.66439138539529	-0.41231065328989	0.50000000000000	0.50000000000000	-0.50497535803690	0.30153444089378	0.51496214003395	-0.56322682664494	
475	0.30153444089378	0.51496214003395	-0.56322682664494	0.08251980794987	0.49483046123976	-0.58309531779347	0.23694480071585	0.66758923301744	-0.45676739754103	
476	0.08251980794987	0.49483046123976	-0.58309531779347	-0.14211841353539	0.44097690425808	-0.56322682664494	-0.02147197964843	0.62449466880396	-0.45676739754103	
477	-0.14211841353539	0.44097690425808	-0.56322682664494	-0.24883226310548	0.54769075382816	-0.41231065328989	-0.02147197964843	0.62449466880396	-0.45676739754103	
478	-0.14211841353539	0.44097690425808	-0.56322682664494	-0.35707150000000	0.35707150000000	-0.50497535803690	-0.24883226310548	0.54769075382816	-0.41231065328989	
479	-0.24883226310548	0.54769075382816	-0.41231065328989	-0.12363551869507	0.70098578788470	-0.29154765889673	-0.02147197964843	0.62449466880396	-0.45676739754103	
480	0.14292850000000	0.85707150000000	0.00000000000000	0.30738852387596	0.86848707854340	0.00000000000000	0.26612987692847	0.84922519472194	-0.15091617335506	
481	0.30738852387596	0.86848707854340	0.00000000000000	0.42523070680665	0.83387196083097	-0.14914633665791	0.26612987692847	0.84922519472194	-0.15091617335506	
482	0.30738852387596	0.86848707854340	0.00000000000000	0.46003577916484	0.84652718571154	0.00000000000000	0.42523070680665	0.83387196083097	-0.14914633665791	
483	0.42523070680665	0.83387196083097	-0.14914633665791	0.37119494254468	0.78350559583457	-0.29154765889673	0.26612987692847	0.84922519472194	-0.15091617335506	
484	0.46003577916484	0.84652718571154	0.00000000000000	0.57823103133006	0.77896565776163	-0.14194081556872	0.42523070680665	0.83387196083097	-0.14914633665791	
485	0.57823103133006	0.77896565776163	-0.14194081556872	0.52408894777887	0.73501371985875	-0.28895300179317	0.42523070680665	0.83387196083097	-0.14914633665791	
486	0.57823103133006	0.77896565776163	-0.14194081556872	0.65328148243819	0.65328148243819	-0.27329069443950	0.52408894777887	0.73501371985875	-0.28895300179317	
487	0.52408894777887	0.73501371985875	-0.28895300179317	0.37119494254468	0.78350559583457	-0.29154765889673	0.42523070680665	0.83387196083097	-0.14914633665791	
488	0.46003577916484	0.84652718571154	0.00000000000000	0.59500411745144	0.79203572787070	0.00000000000000	0.57823103133006	0.77896565776163	-0.14194081556872	
489	0.59500411745144	0.79203572787070	0.00000000000000	0.69351992266107	0.69351992266107	-0.13932238783556	0.57823103133006	0.77896565776163	-0.14194081556872	
490	0.59500411745144	0.79203572787070	0.00000000000000	0.70710678118655	0.70710678118655	0.00000000000000	0.69351992266107	0.69351992266107	-0.13932238783556	
491	0.69351992266107	0.69351992266107	-0.13932238783556	0.65328148243819	0.65328148243819	-0.27329069443950	0.57823103133006	0.77896565776163	-0.14194081556872	
492	0.65328148243819	0.65328148243819	-0.27329069443950	0.58793780120968	0.58793780120968	-0.39675659291932	0.52408894777887	0.73501371985875	-0.28895300179317	
493	0.58793780120968	0.58793780120968	-0.39675659291932	0.45096368625512	0.66439138539529	-0.41231065328989	0.52408894777887	0.73501371985875	-0.28895300179317	
494	0.58793780120968	0.58793780120968	-0.39675659291932	0.50000000000000	0.50000000000000	-0.50497535803690	0.45096368625512	0.66439138539529	-0.41231065328989	
495	0.45096368625512	0.66439138539529	-0.41231065328989	0.37119494254468	0.78350559583457	-0.29154765889673	0.52408894777887	0.73501371985875	-0.28895300179317	
496	0.50000000000000	0.50000000000000	-0.50497535803690	0.39284747919355	0.39284747919355	-0.59378820333858	0.30153444089378	0.51496214003395	-0.56322682664494	
497	0.39284747919355	0.39284747919355	-0.59378820333858	0.18064365576424	0.39156842784412	-0.63581582039553	0.30153444089378	0.51496214003395	-0.56322682664494	
498	0.39284747919355	0.39284747919355	-0.59378820333858	0.27059805007310	0.27059805007310	-0.65978210098621	0.18064365576424	0.39156842784412	-0.63581582039553	
499	0.18064365576424	0.39156842784412	-0.63581582039553	0.08251980794987	0.49483046123976	-0.58309531779347	0.30153444089378	0.51496214003395	-0.56322682664494	
500	0.27059805007310	0.27059805007310	-0.65978210098621	0.04017500564162	0.24090963207320	-0.68535088400058	0.18064365576424	0.39156842784412	-0.63581582039553	
501	0.04017500564162	0.24090963207320	-0.68535088400058	-0.05664378072236	0.35199747330196	-0.63581582039553	0.18064365576424	0.39156842784412	-0.63581582039553	
502	0.04017500564162	0.24090963207320	-0.68535088400058	-0.19324570327335	0.19324570327335	-0.65978210098621	-0.05664378072236	0.35199747330196	-0.63581582039553	
503	-0.05664378072236	0.35199747330196	-0.63581582039553	0.08251980794987	0.49483046123976	-0.58309531779347	0.18064365576424	0.39156842784412	-0.63581582039553	
504	0.27059805007310	0.27059805007310	-0.65978210098621	0.13794968964147	0.13794968964147	-0.70042094250300	0.04017500564162	0.24090963207320	-0.68535088400058	
505	0.13794968964147	0.13794968964147	-0.70042094250300	-0.09851580520963	0.09851580520963	-0.70042094250300	0.04017500564162	0.24090963207320	-0.68535088400058	
506	0.13794968964147	0.13794968964147	-0.70042094250300	-0.00000000000000	0.00000000000000	-0.71414300000000	-0.09851580520963	0.09851580520963	-0.70042094250300	
507	-0.09851580520963	0.09851580520963	-0.70042094250300	-0.19324570327335	0.19324570327335	-0.65978210098621	0.04017500564162	0.24090963207320	-0.68535088400058	
508	-0.19324570327335	0.19324570327335	-0.65978210098621	-0.28054927733372	0.28054927733372	-0.59378820333858	-0.05664378072236	0.35199747330196	-0.63581582039553	
509	-0.28054927733372	0.28054927733372	-0.59378820333858	-0.14211841353539	0.44097690425808	-0.56322682664494	-0.05664378072236	0.35199747330196	-0.63581582039553	
510	-0.28054927733372	0.28054927733372	-0.59378820333858	-0.35707150000000	0.35707150000000	-0.50497535803690	-0.14211841353539	0.44097690425808	-0.56322682664494	
511	-0.14211841353539	0.44097690425808	-0.56322682664494	0.08251980794987	0.49483046123976	-0.58309531779347	-0.05664378072236	0.35199747330196	-0.63581582039553	
